%YAML:1.0
---
K: !!opencv-matrix
   rows: 3
   cols: 3
   dt: d
   data: [ 1.1980024260573864e+03, 0., 6.4462612404762763e+02, 0.,
       8.6883793947029324e+02, 2.3863548947830424e+02, 0., 0., 1. ]
D: !!opencv-matrix
   rows: 1
   cols: 5
   dt: d
   data: [ -4.3437591868694508e-01, 2.4292227842376288e+00,
       7.3249398600335408e-03, -1.0413952747648326e-02,
       -4.1016906986140862e+00 ]
