%YAML:1.0
---
K: !!opencv-matrix
   rows: 3
   cols: 3
   dt: d
   data: [ 1.7448343108661350e+03, 0., 6.7849530065311467e+02, 0.,
       1.4300245916293877e+03, 2.4452205617243146e+02, 0., 0., 1. ]
D: !!opencv-matrix
   rows: 1
   cols: 5
   dt: d
   data: [ -6.4131294704596031e-01, 7.2897338479794991e+00,
       -8.4142768242648994e-03, -3.4734043059444379e-02,
       -2.8573782417989325e+01 ]
