%YAML:1.0
---
K: !!opencv-matrix
   rows: 3
   cols: 3
   dt: d
   data: [ 2.3692765003288287e+03, 0., 6.9323951528070961e+02, 0.,
       1.0912043290241857e+03, 2.5528953033191578e+02, 0., 0., 1. ]
D: !!opencv-matrix
   rows: 1
   cols: 5
   dt: d
   data: [ -1.2180455419213736e+00, -1.9253501861371841e+01,
       -1.2604585630332753e-02, 5.8784328765781872e-02,
       1.7254878558439191e+02 ]
