%YAML:1.0
---
K: !!opencv-matrix
   rows: 3
   cols: 3
   dt: d
   data: [ 1.7448343101563937e+03, 0., 6.7849530054336310e+02, 0.,
       1.4300245911080035e+03, 2.4452205615214430e+02, 0., 0., 1. ]
D: !!opencv-matrix
   rows: 1
   cols: 5
   dt: d
   data: [ -6.4131295033415825e-01, 7.2897338706867405e+00,
       -8.4142767681728969e-03, -3.4734043003035939e-02,
       -2.8573782425147328e+01 ]
