%YAML:1.0
---
K: !!opencv-matrix
   rows: 3
   cols: 3
   dt: d
   data: [ 9.5904239736072134e+02, 0., 6.9097021554170476e+02, 0.,
       9.6045164590970501e+02, 2.5474350567672627e+02, 0., 0., 1. ]
D: !!opencv-matrix
   rows: 1
   cols: 5
   dt: d
   data: [ -3.9386864011544098e-01, 3.3264855545554289e-01,
       -1.1267575947392094e-04, -3.3921013230435947e-03,
       -1.9674677410868346e-01 ]
