%YAML:1.0
---
K: !!opencv-matrix
   rows: 3
   cols: 3
   dt: d
   data: [ 1.0219711691088526e+03, 0., 6.9066686566655301e+02, 0.,
       1.0152361761308246e+03, 2.5397511429348930e+02, 0., 0., 1. ]
D: !!opencv-matrix
   rows: 1
   cols: 5
   dt: d
   data: [ -4.1489314170480940e-01, 4.2956149377750175e-01,
       -3.9120404421230338e-03, -5.8557125266101235e-03,
       -3.6394019350043716e-01 ]
