%YAML:1.0
---
K: !!opencv-matrix
   rows: 3
   cols: 3
   dt: d
   data: [ 4.1316490310150550e+02, 0., 6.0909207459748200e+02, 0.,
       9.4194641153034740e+02, 3.5874700102292582e+02, 0., 0., 1. ]
D: !!opencv-matrix
   rows: 1
   cols: 5
   dt: d
   data: [ -7.2748989624289822e+00, 2.0530173348588118e+01,
       -1.2331834783406002e-01, 6.5831096558129920e-01,
       -2.7418738802217486e+01 ]
